9
Brushes, 1, #FF000000, 
Rectangle (359,20000000000005; 96,60000000000002), (488,8; 199,8), 1, #FF000000, #FF800000, 
Rectangle (546,4; 83,80000000000001), (682,4000000000001; 190,20000000000002), 1, #FF000000, #FF800000, 1,1
Rectangle (118,4; 159,8), (243,20000000000002; 243,8), 5, #FF000000, #FF800000, 1,1
Rectangle (383,20000000000005; 227), (480,8; 163,8), 5, #FF000000, #00000000, 1,1
Rectangle (548,8000000000001; 163), (620; 215), 1, #FF000000, #00000000, 
Rectangle (625,6; 167,8), (709,6; 232,60000000000002), 1, #FFFF0080, #00000000, 
Rectangle (276; 104,60000000000002), (378,40000000000003; 155,8), 1, #FFFF0080, #FF008000, 
Rectangle (508; 55), (576; 105,4), 1, #FFFF0080, #00000000, 
